1234
456
3789
2401
3794
128
4002
2876
372
1956
3201
4256
3344
1321
4875
3100
2399
4567
2110
3998
2764
500
3120
4019
278
3500
1899
2999
487
345
2890
2200
3784
4761
2143
3099
176
3800
257
4850
3200
310
2567
145
4100
2333
3566
1898
3450
122
4321
2789
123
4876
1987
4000
3654
2311
2987
2780
355
4322
1400
3678
1000
210
4444
2763
3221
2891
1100
4566
212
4325
2900
1002
4568
239
4110
432
234
1887
4789
2100
121
476
399
4001
3145
4123
1989
1789
356
2787
233
322
488
1223
479
3567
2789
1101
4998
1003
3999
489
2566
4455
276
4780
1456
2901
400
1999
1897
4569
2222
3900
3990
1220
2777
1450
3001
2786
378
1201
3101
2444
2345
1678
3223
1457
2790
4003
3785
4560
1221
401
3997
1102
2560
3220
5000
2220
4900
3444
1224
1004
1896
3211
1986
1788
4561
3102
2330
3679
4004
3560
1225
3100
1997
3103
2788
4440
1005
1985
1895
1458
2890
2892
4562
4563
2561
3222
2785
1984
3445
1894
1222
1006
3996
4781
3212
1893
2893
3224
2344
3225
3443
1892
1677
2221
1459
4901
3561
2784
1226
4441
3786
3446
2343
3995
4782
2894
4564
3104
4783
3447
1891
1676
4902
1996
1890
1007
1456
1998
1008
3442
4784
4565
1899
3677
1111
3333
1112
4442
2342
4005
1983
1113
3676
1455
2334
1227
1009
4443
1898
2331
1982
3787
1114
3105
3106
3107
2783
3441
4785
3448
1115
1981
1228
1995
1457
3675
1103
2782
1229
3226
1116
1010
2335
2332
1994
3449
3788
2895
4786
1117
2562
3674
3673
1679
1011
1118
1897
1670
2341
1993
4903
4006
3108
2336
1012
4007
2563
2337
1230
4787
1896
4008
3440
3110
3111
1119
3213
1013
3112
2896
2338
1458
1895
1014
1225
1015
3113
3214
1110
1992
2900
1231
1671
4009
1232
2781
1991
1120
3789
2897
1894
3215
4010
1990
4904
2564
4011
1672
3449
1233
3216
2901
3450
3114
1111
1016
1234
1235
3217
4012
2339
2898
4013
2902
2340
2780
1459
2899
3218
1017
4014
1999
2890
3219
3451
1236
1998
2891
4015
2903
2890
4016
3115
4017
2341
2565
3452
2789
2342
1237
1673
1997
3116
1238
1996
3117
2904
3210
1674
3453
1995
1994
1018
1122
1675
4018
4019
2905
1239
1240
1234
1993
2892
1019
1020
4020
1241
1676
2343
1992
3211
1242
1243
2344
3454
2345
1123
4021
1021
3455
2906
1022
4022
2346
2788
1023
3456
1991
2347
1124
1244
2893
1024
1245
3457
4023
3458
2907
1125
1990
4024
1246
1025
1026
1027
1247
2348
2349
3459
2908
1677
4025
1248
4026
2787
2909
2900
2786
1249
1999
1250
1998
1678
1028
4027
2910
1029
3460
1997
2350
1030
2785
3461
1996
1251
1995
1126
1031
3462
1994
1993
2351
1032
4028
1033
1252
1679
4029
1992
2784
1127
2352
1034
2353
1035
4030
1253
2354
3463
1991
1036
3464
1037
1128
3465
1990
2355
2356
3466
2783
1038
2357
1254
2358
2782
4031
2781
3467
1129
3468
2359
2350
2351
1255
3469
1039
2780
3470
3471
2360
1256
2361
3472
2911
1130
4032
2362
1040
2363
2364
1257
1041
2912
3473
1258
1259
2365
2789
2366
1042
2913
4033
3474
1043
2367
2368
2788
1260
1044
4034
2369
2370
1261
1262
4035
1045
1046
1263
2371
2914
1047
2915
2372
1048
2373
1049
1264
2374
1265
4036
2375
1266
1267
2916
2376
2377
2917
4037
2378
1268
4038
2918
2379
2380
1269
1270
2381
4039
2382
2383
2384
2385
2919
2386
2387
1271
2388
4040
2389
2920
2921
4041
1272
1273
2390
2922
2923
2924
2925
1274
2926
2927
2391
2392
1275
2928
2929
1276
2930
2393
2394
2931
2395
2932
4042
2933
1277
2396
2397
1278
1279
2934
1280
2398
4043
2935
2936
2937
2938
2399
2939
2400
4044
1281
2940
2941
2401
4045
1282
2942
2402
2943
2403
4046
2404
1283
4047
1284
2405
2944
2945
2946
2947
2406
2407
4048
1285
1286
1287
2948
2949
2408
2409
4049
2950
2951
1288
2952
4050
2410